0	-10.100000	-13.275440	-3.943900
1	-10.417544	-16.302359	-2.497910
2	-11.006026	-19.247713	-0.732993
3	-11.830194	-22.144957	1.404961
4	-12.861671	-24.991673	3.987287
5	-14.074671	-27.745305	7.095306
6	-15.441734	-30.317226	10.811158
7	-16.929283	-32.566394	15.204366
8	-18.492994	-34.295206	20.312174
9	-20.073216	-35.251909	26.112726
10	-21.591085	-35.145743	32.492578
11	-22.946551	-33.681788	39.214457
12	-24.020075	-30.620192	45.897547
13	-24.680086	-25.856454	52.028605
14	-24.797723	-19.504720	57.022571
15	-24.268423	-11.949071	60.338695
16	-23.036488	-3.821318	61.629515
17	-21.114971	4.115995	60.866358
18	-18.591874	11.153916	58.374164
19	-15.617295	16.812210	54.743798
20	-12.374345	20.923820	50.658351
21	-9.044528	23.600074	46.718276
22	-5.780068	25.116747	43.337940
23	-2.690386	25.790272	40.730496
24	0.157679	25.892625	38.950492
25	2.731174	25.615391	37.952639
26	5.019596	25.069388	37.640170
27	7.024575	24.301667	37.894814
28	8.752284	23.317219	38.591374
29	10.208778	22.099295	39.603060
30	11.397829	20.626394	40.803047
31	12.320686	18.885634	42.065927
32	12.977181	16.882443	43.271008
33	13.367707	14.646223	44.307980
34	13.495558	12.231531	45.084298
35	13.369156	9.714523	45.532763
36	13.003692	7.185159	45.617306
37	12.421839	4.736583	45.335181
38	11.653314	2.453885	44.714613
39	10.733371	0.404628	43.808182
40	9.700496	-1.367010	42.683394
41	8.593746	-2.841725	41.412564
42	7.450199	-4.022668	40.064018
43	6.302912	-4.930406	38.695948
44	5.179580	-5.596857	37.353296
45	4.101937	-6.059535	36.067315
46	3.085789	-6.356929	34.856962
47	2.141518	-6.525317	33.731281
48	1.274834	-6.596934	32.692039
49	0.487657	-6.599195	31.736152
50	-0.221028	-6.554641	30.857673
51	-0.854389	-6.481320	30.049289
52	-1.417082	-6.393358	29.303351
53	-1.914710	-6.301603	28.612527
54	-2.353399	-6.214221	27.970184
55	-2.739481	-6.137248	27.370558
56	-3.079258	-6.075039	26.808805
57	-3.378836	-6.030645	26.280970
58	-3.644017	-6.006122	25.783909
59	-3.880228	-6.002765	25.315202
60	-4.092481	-6.021304	24.873051
61	-4.285364	-6.062050	24.456191
62	-4.463032	-6.125011	24.063807
63	-4.629230	-6.209979	23.695466
64	-4.787305	-6.316593	23.351061
65	-4.940234	-6.444390	23.030761
66	-5.090649	-6.592832	22.734975
67	-5.240868	-6.761330	22.464327
68	-5.392914	-6.949244	22.219631
69	-5.548547	-7.155889	22.001874
70	-5.709281	-7.380518	21.812205
71	-5.876405	-7.622310	21.651921
72	-6.050995	-7.880342	21.522454
73	-6.233930	-8.153558	21.425361
74	-6.425893	-8.440737	21.362305
75	-6.627377	-8.740449	21.335036
76	-6.838684	-9.051016	21.345365
77	-7.059918	-9.370460	21.395125
78	-7.290972	-9.696459	21.486136
79	-7.531521	-10.026298	21.620138
80	-7.780998	-10.356828	21.798734
81	-8.038581	-10.684425	22.023299
82	-8.303166	-11.004968	22.294887
83	-8.573346	-11.313823	22.614117
84	-8.847394	-11.605851	22.981047
85	-9.123239	-11.875446	23.395035
86	-9.398460	-12.116600	23.854593
87	-9.670274	-12.323009	24.357244
88	-9.935548	-12.488219	24.899386
89	-10.190815	-12.605826	25.476175
90	-10.432316	-12.669706	26.081447
91	-10.656055	-12.674305	26.707686
92	-10.857880	-12.614942	27.346062
93	-11.033586	-12.488134	27.986549
94	-11.179041	-12.291916	28.618130
95	-11.290328	-12.026114	29.229098
96	-11.363907	-11.692567	29.807443
97	-11.396773	-11.295244	30.341310
98	-11.386620	-10.840239	30.819502
99	-11.331982	-10.335639	31.231985
100	-11.232348	-9.791243	31.570365
101	-11.088237	-9.218162	31.828275
102	-10.901230	-8.628309	32.001653
103	-10.673938	-8.033849	32.088867
104	-10.409929	-7.446619	32.090692
105	-10.113598	-6.877609	32.010128
106	-9.789999	-6.336515	31.852098
107	-9.444651	-5.831416	31.623054
108	-9.083327	-5.368582	31.330529
109	-8.711853	-4.952423	30.982694
110	-8.335910	-4.585553	30.587937
111	-7.960874	-4.268952	30.154506
112	-7.591682	-4.002204	29.690232
113	-7.232734	-3.783759	29.202327
114	-6.887837	-3.611225	28.697268
115	-6.560175	-3.481626	28.180742
116	-6.252320	-3.391656	27.657657
117	-5.966254	-3.337878	27.132176
118	-5.703416	-3.316899	26.607798
119	-5.464765	-3.325490	26.087433
120	-5.250837	-3.360685	25.573498
121	-5.061822	-3.419834	25.068003
122	-4.897623	-3.500640	24.572628
123	-4.757925	-3.601170	24.088807
124	-4.642249	-3.719847	23.617779
125	-4.550009	-3.855443	23.160656
126	-4.480553	-4.007050	22.718462
127	-4.433202	-4.174049	22.292174
128	-4.407287	-4.356089	21.882760
129	-4.402167	-4.553045	21.491205
130	-4.417255	-4.764988	21.118539
131	-4.452028	-4.992156	20.765860
132	-4.506041	-5.234917	20.434356
133	-4.578929	-5.493739	20.125327
134	-4.670410	-5.769156	19.840206
135	-4.780284	-6.061736	19.580577
136	-4.908429	-6.372041	19.348197
137	-5.054791	-6.700592	19.145012
138	-5.219371	-7.047826	18.973179
139	-5.402216	-7.414043	18.835080
140	-5.603399	-7.799357	18.733334
141	-5.822995	-8.203629	18.670807
142	-6.061058	-8.626399	18.650616
143	-6.317592	-9.066804	18.676117
144	-6.592513	-9.523485	18.750891
145	-6.885611	-9.994488	18.878704
146	-7.196498	-10.477155	19.063454
147	-7.524564	-10.968005	19.309083
148	-7.868908	-11.462617	19.619469
149	-8.228279	-11.955512	19.998266
150	-8.601002	-12.440055	20.448712
151	-8.984908	-12.908374	20.973382
152	-9.377254	-13.351325	21.573898
153	-9.774661	-13.758514	22.250581
154	-10.173047	-14.118402	23.002081
155	-10.567582	-14.418517	23.824964
156	-10.952676	-14.645786	24.713320
157	-11.321987	-14.787020	25.658403
158	-11.668490	-14.829540	26.648364
159	-11.984595	-14.761948	27.668124
160	-12.262330	-14.575004	28.699467
161	-12.493598	-14.262552	29.721383
162	-12.670493	-13.822406	30.710719
163	-12.785684	-13.257095	31.643133
164	-12.832826	-12.574339	32.494327
165	-12.806977	-11.787150	33.241455
166	-12.704994	-10.913481	33.864593
167	-12.525843	-9.975397	34.348095
168	-12.270798	-8.997820	34.681648
169	-11.943500	-8.006963	34.860908
170	-11.549847	-7.028633	34.887596
171	-11.097725	-6.086611	34.769056
172	-10.596614	-5.201289	34.517357
173	-10.057081	-4.388719	34.148054
174	-9.490245	-3.660141	33.678817
175	-8.907235	-3.021970	33.128071
176	-8.318708	-2.476193	32.513830
177	-7.734457	-2.021035	31.852782
178	-7.163115	-1.651786	31.159690
179	-6.611982	-1.361659	30.447085
180	-6.086949	-1.142603	29.725195
181	-5.592515	-0.985991	29.002073
182	-5.131862	-0.883180	28.283826
183	-4.706994	-0.825912	27.574914
184	-4.318886	-0.806595	26.878459
185	-3.967657	-0.818463	26.196536
186	-3.652737	-0.855647	25.530435
187	-3.373028	-0.913189	24.880878
188	-3.127044	-0.987004	24.248190
189	-2.913040	-1.073816	23.632436
190	-2.729118	-1.171081	23.033518
191	-2.573314	-1.276899	22.451251
192	-2.443673	-1.389933	21.885410
193	-2.338299	-1.509326	21.335764
194	-2.255402	-1.634630	20.802103
195	-2.193324	-1.765739	20.284248
196	-2.150566	-1.902837	19.782063
197	-2.125793	-2.046348	19.295463
198	-2.117849	-2.196894	18.824419
199	-2.125753	-2.355272	18.368961
200	-2.148705	-2.522422	17.929189
201	-2.186077	-2.699408	17.505277
202	-2.237410	-2.887409	17.097481
203	-2.302410	-3.087702	16.706151
204	-2.380939	-3.301659	16.331745
205	-2.473011	-3.530743	15.974843
206	-2.578784	-3.776497	15.636162
207	-2.698555	-4.040549	15.316586
208	-2.832755	-4.324602	15.017180
209	-2.981939	-4.630431	14.739227
210	-3.146789	-4.959874	14.484258
211	-3.328097	-5.314818	14.254088
212	-3.526769	-5.697182	14.050861
213	-3.743811	-6.108887	13.877098
214	-3.980318	-6.551824	13.735747
215	-4.237469	-7.027798	13.630244
216	-4.516502	-7.538467	13.564571
217	-4.818698	-8.085250	13.543325
218	-5.145353	-8.669218	13.571773
219	-5.497740	-9.290949	13.655921
220	-5.877061	-9.950355	13.802555
221	-6.284390	-10.646455	14.019276
222	-6.720597	-11.377117	14.314493
223	-7.186249	-12.138738	14.697383
224	-7.681498	-12.925880	15.177773
225	-8.205936	-13.730862	15.765934
226	-8.758429	-14.543314	16.472254
227	-9.336917	-15.349725	17.306760
228	-9.938198	-16.133023	18.278438
229	-10.557680	-16.872249	19.394344
230	-11.189137	-17.542403	20.658480
231	-11.824464	-18.114584	22.070431
232	-12.453476	-18.556536	23.623838
233	-13.063782	-18.833762	25.304803
234	-13.640780	-18.911298	27.090410
235	-14.167832	-18.756231	28.947647
236	-14.626672	-18.340900	30.833061
237	-14.998094	-17.646572	32.693510
238	-15.262942	-16.667182	34.468332
239	-15.403366	-15.412517	36.093079
240	-15.404281	-13.910123	37.504644
241	-15.254866	-12.205232	38.647274
242	-14.949902	-10.358270	39.478572
243	-14.490739	-8.439982	39.974361
244	-13.885663	-6.524770	40.131394
245	-13.149574	-4.683353	39.967231
246	-12.302952	-2.976092	39.517279
247	-11.370266	-1.448166	38.829632
248	-10.378056	-0.127283	37.958836
249	-9.352979	0.976019	36.959810
250	-8.320079	1.865997	35.882928
251	-7.301471	2.558116	34.770798
252	-6.315513	3.075092	33.656796
253	-5.376452	3.443279	32.565074
254	-4.494479	3.689770	31.511546
255	-3.676054	3.840361	30.505402
256	-2.924413	3.918320	29.550751
257	-2.240139	3.943788	28.648143
258	-1.621747	3.933654	27.795846
259	-1.066207	3.901710	26.990829
260	-0.569415	3.858970	26.229474
261	-0.126576	3.814057	25.508048
262	0.267487	3.773598	24.823005
263	0.618098	3.742595	24.171152
264	0.930548	3.724755	23.549721
265	1.209969	3.722778	22.956389
266	1.461249	3.738591	22.389263
267	1.688984	3.773547	21.846846
268	1.897440	3.828590	21.327998
269	2.090555	3.904378	20.831897
270	2.271937	4.001390	20.358003
271	2.444883	4.120003	19.906032
272	2.612395	4.260555	19.475934
273	2.777211	4.423389	19.067878
274	2.941829	4.608890	18.682248
275	3.108535	4.817497	18.319640
276	3.279431	5.049723	17.980870
277	3.456460	5.306152	17.666983
278	3.641429	5.587435	17.379268
279	3.836030	5.894273	17.119283
280	4.041854	6.227400	16.888875
281	4.260409	6.587546	16.690208
282	4.493122	6.975395	16.525792
283	4.741350	7.391536	16.398517
284	5.006368	7.836395	16.311682
285	5.289371	8.310149	16.269022
286	5.591449	8.812633	16.274737
287	5.913567	9.343215	16.333497
288	6.256532	9.900660	16.450455
289	6.620945	10.482961	16.631214
290	7.007146	11.087154	16.881786
291	7.415147	11.709105	17.208498
292	7.844543	12.343280	17.617852
293	8.294417	12.982505	18.116317
294	8.763226	13.617731	18.710038
295	9.248676	14.237817	19.404456
296	9.747590	14.829371	20.203814
297	10.255768	15.376684	21.110552
298	10.767860	15.861795	22.124601
299	11.277253	16.264764	23.242587
300	11.776004	16.564192	24.457003
301	12.254823	16.738051	25.755417
302	12.703146	16.764859	27.119824
303	13.109317	16.625180	28.526293
304	13.460903	16.303413	29.945040
305	13.745154	15.789717	31.341092
306	13.949611	15.081863	32.675650
307	14.062836	14.186742	33.908161
308	14.075227	13.121205	34.999002
309	13.979824	11.911971	35.912534
310	13.773039	10.594426	36.620139
311	13.455178	9.210325	37.102777
312	13.030693	7.804623	37.352635
313	12.508086	6.421861	37.373561
314	11.899463	5.102636	37.180185
315	11.219780	3.880680	36.795899
316	10.485870	2.780942	36.250079
317	9.715378	1.818834	35.575016
318	8.925723	1.000582	34.803056
319	8.133209	0.324445	33.964284
320	7.352333	-0.217566	33.084957
321	6.595343	-0.637779	32.186695
322	5.872031	-0.951058	31.286320
323	5.189722	-1.173276	30.396172
324	4.553422	-1.320150	29.524717
325	3.966065	-1.406428	28.677279
326	3.428815	-1.445401	27.856772
327	2.941394	-1.448666	27.064365
328	2.502388	-1.426072	26.300037
329	2.109542	-1.385787	25.563017
330	1.760009	-1.334443	24.852103
331	1.450564	-1.277312	24.165894
332	1.177776	-1.218496	23.502942
333	0.938149	-1.161119	22.861846
334	0.728222	-1.107496	22.241303
335	0.544650	-1.059292	21.640137
336	0.384256	-1.017654	21.057297
337	0.244065	-0.983336	20.491859
338	0.121325	-0.956789	19.943009
339	0.013514	-0.938247	19.410035
340	-0.081662	-0.927792	18.892307
341	-0.166275	-0.925413	18.389270
342	-0.242189	-0.931042	17.900428
343	-0.311074	-0.944593	17.425338
344	-0.374426	-0.965989	16.963601
345	-0.433583	-0.995181	16.514855
346	-0.489742	-1.032165	16.078774
347	-0.543985	-1.076995	15.655062
348	-0.597286	-1.129789	15.243452
349	-0.650536	-1.190742	14.843708
350	-0.704557	-1.260128	14.455622
351	-0.760114	-1.338304	14.079017
352	-0.817933	-1.425720	13.713749
353	-0.878711	-1.522916	13.359711
354	-0.943132	-1.630533	13.016834
355	-1.011872	-1.749314	12.685096
356	-1.085616	-1.880110	12.364528
357	-1.165066	-2.023885	12.055218
358	-1.250948	-2.181724	11.757325
359	-1.344025	-2.354838	11.471089
360	-1.445106	-2.544571	11.196842
361	-1.555053	-2.752412	10.935032
362	-1.674789	-2.979993	10.686232
363	-1.805309	-3.229109	10.451175
364	-1.947689	-3.501713	10.230772
365	-2.103092	-3.799931	10.026154
366	-2.272776	-4.126058	9.838706
367	-2.458104	-4.482562	9.670117
368	-2.660550	-4.872081	9.522433
369	-2.881703	-5.297405	9.398125
370	-3.123273	-5.761462	9.300164
371	-3.387092	-6.267281	9.232106
372	-3.675111	-6.817939	9.198195
373	-3.989394	-7.416491	9.203477
374	-4.332103	-8.065864	9.253924
375	-4.705479	-8.768713	9.356574
376	-5.111803	-9.527232	9.519675
377	-5.553346	-10.342899	9.752830
378	-6.032301	-11.216147	10.067132
379	-6.550686	-12.145937	10.475267
380	-7.110211	-13.129233	10.991568
381	-7.712113	-14.160348	11.631976
382	-8.356936	-15.230165	12.413852
383	-9.044259	-16.325233	13.355591
384	-9.772357	-17.426766	14.475939
385	-10.537798	-18.509621	15.792919
386	-11.334980	-19.541332	17.322281
387	-12.155615	-20.481426	19.075360
388	-12.988196	-21.281229	21.056327
389	-13.817500	-21.884553	23.258873
390	-14.624205	-22.229617	25.662534
391	-15.384746	-22.252637	28.229104
392	-16.071535	-21.893324	30.899840
393	-16.653714	-21.102270	33.594437
394	-17.098570	-19.849651	36.212897
395	-17.373678	-18.134016	38.641227
396	-17.449712	-15.989237	40.761339
397	-17.303664	-13.487360	42.464446
398	-16.922034	-10.735403	43.665868
399	-16.303371	-7.865380	44.318094
400	-15.459572	-5.018725	44.418600
401	-14.415487	-2.328259	44.009977
402	-13.206764	0.098082	43.172008
403	-11.876279	2.187997	42.007801
404	-10.469852	3.908106	40.627740
405	-9.032056	5.260232	39.135161
406	-7.602827	6.272975	37.616449
407	-6.215247	6.991546	36.136420
408	-4.894568	7.468350	34.738241
409	-3.658276	7.755778	33.446344
410	-2.516871	7.901607	32.270714
411	-1.475023	7.946691	31.211288
412	-0.532851	7.924326	30.261772
413	0.312866	7.860652	29.412566
414	1.067645	7.775561	28.652825
415	1.738436	7.683789	27.971765
416	2.332972	7.595968	27.359429
417	2.859271	7.519555	26.807056
418	3.325300	7.459598	26.307205
419	3.738730	7.419346	25.853734
420	4.106791	7.400720	25.441690
421	4.436184	7.404672	25.067177
422	4.733033	7.431452	24.727204
423	5.002875	7.480802	24.419545
424	5.250667	7.552101	24.142612
425	5.480811	7.644464	23.895345
426	5.697176	7.756814	23.677114
427	5.903140	7.887927	23.487644
428	6.101619	8.036458	23.326942
429	6.295102	8.200955	23.195244
430	6.485688	8.379862	23.092963
431	6.675105	8.571513	23.020642
432	6.864746	8.774119	22.978916
433	7.055683	8.985755	22.968466
434	7.248690	9.204339	22.989980
435	7.444255	9.427615	23.044108
436	7.642591	9.653136	23.131414
437	7.843646	9.878250	23.252326
438	8.047106	10.100090	23.407079
439	8.252405	10.315576	23.595655
440	8.458722	10.521418	23.817721
441	8.664991	10.714144	24.072559
442	8.869907	10.890126	24.359004
443	9.071929	11.045636	24.675374
444	9.269299	11.176913	25.019417
445	9.460061	11.280246	25.388254
446	9.642079	11.352080	25.778352
447	9.813079	11.389134	26.185505
448	9.970685	11.388534	26.604850
449	10.112470	11.347948	27.030902
450	10.236018	11.265726	27.457636
451	10.338988	11.141028	27.878594
452	10.419192	10.973932	28.287035
453	10.474666	10.765520	28.676109
454	10.503752	10.517912	29.039065
455	10.505168	10.234267	29.369465
456	10.478078	9.918726	29.661406
457	10.422142	9.576300	29.909727
458	10.337558	9.212716	30.110190
459	10.225074	8.834219	30.259621
460	10.085988	8.447343	30.356004
461	9.922124	8.058676	30.398508
462	9.735779	7.674620	30.387473
463	9.529663	7.301179	30.324325
464	9.306815	6.943771	30.211454
465	9.070510	6.607092	30.052059
466	8.824169	6.295024	29.849967
467	8.571254	6.010590	29.609452
468	8.315188	5.755963	29.335049
469	8.059265	5.532512	29.031401
470	7.806590	5.340872	28.703110
471	7.560018	5.181051	28.354633
472	7.322121	5.052534	27.990198
473	7.095163	4.954400	27.613746
474	6.881086	4.885434	27.228902
475	6.681521	4.844224	26.838969
476	6.497791	4.829258	26.446931
477	6.330938	4.838996	26.055474
478	6.181744	4.871928	25.667016
479	6.050762	4.926628	25.283732
480	5.938349	5.001782	24.907598
481	5.844692	5.096209	24.540418
482	5.769844	5.208874	24.183865
483	5.713747	5.338889	23.839506
484	5.676261	5.485509	23.508836
485	5.657186	5.648121	23.193306
486	5.656279	5.826226	22.894342
487	5.673274	6.019423	22.613374
488	5.707889	6.227383	22.351849
489	5.759838	6.449827	22.111252
490	5.828837	6.686496	21.893118
491	5.914603	6.937121	21.699047
492	6.016855	7.201390	21.530709
493	6.135309	7.478913	21.389854
494	6.269669	7.769184	21.278312
495	6.419620	8.071540	21.197992
496	6.584812	8.385118	21.150875
497	6.764843	8.708809	21.138996
498	6.959239	9.041209	21.164426
499	7.167436	9.380570	21.229241
500	7.388750	9.724749	21.335474
501	7.622350	10.071161	21.485066
502	7.867231	10.416733	21.679790
503	8.122181	10.757867	21.921170
504	8.385750	11.090416	22.210379
505	8.656216	11.409669	22.548117
506	8.931561	11.710368	22.934479
507	9.209442	11.986746	23.368812
508	9.487172	12.232603	23.849556
509	9.761715	12.441421	24.374096
510	10.029686	12.606530	24.938616
511	10.287370	12.721316	25.537982
512	10.530765	12.779483	26.165658
513	10.755637	12.775355	26.813684
514	10.957609	12.704210	27.472724
515	11.132269	12.562625	28.132195
516	11.275304	12.348809	28.780509
517	11.382655	12.062900	29.405394
518	11.450679	11.707174	29.994329
519	11.476329	11.286163	30.535031
520	11.457312	10.806630	31.016001
521	11.392244	10.277392	31.427056
522	11.280759	9.709011	31.759827
523	11.123584	9.113331	32.008149
524	10.922559	8.502932	32.168327
525	10.680596	7.890526	32.239243
526	10.401589	7.288352	32.222285
527	10.090265	6.707634	32.121128
528	9.752002	6.158129	31.941383
529	9.392615	5.647821	31.690154
530	9.018135	5.182749	31.375561
531	8.634597	4.766989	31.006267
532	8.247836	4.402752	30.591043
533	7.863328	4.090584	30.138414
534	7.486053	3.829630	29.656379
535	7.120411	3.617928	29.152230
536	6.770163	3.452710	28.632449
537	6.438417	3.330682	28.102671
538	6.127644	3.248272	27.567709
539	5.839707	3.201836	27.031613
540	5.575920	3.187826	26.497748
541	5.337110	3.202911	25.968892
542	5.123690	3.244060	25.447331
543	4.935727	3.308594	24.934951
544	4.773014	3.394214	24.433322
545	4.635134	3.499008	23.943773
546	4.521521	3.621438	23.467456
547	4.431513	3.760321	23.005402
548	4.364394	3.914807	22.558563
549	4.319435	4.084339	22.127859
550	4.295926	4.268631	21.714203
551	4.293196	4.467625	21.318535
552	4.310639	4.681462	20.941845
553	4.347721	4.910448	20.585197
554	4.403994	5.155024	20.249751
555	4.479097	5.415728	19.936784
556	4.572760	5.693168	19.647712
557	4.684801	5.987986	19.384108
558	4.815119	6.300824	19.147724
559	4.963690	6.632283	18.940510
560	5.130549	6.982885	18.764636
561	5.315783	7.353020	18.622506
562	5.519506	7.742892	18.516776
563	5.741845	8.152462	18.450365
564	5.982907	8.581366	18.426457
565	6.242753	9.028842	18.448500
566	6.521362	9.493628	18.520188
567	6.818588	9.973863	18.645430
568	7.134116	10.466971	18.828295
569	7.467401	10.969537	19.072933
570	7.817615	11.477176	19.383461
571	8.183571	11.984416	19.763810
572	8.563655	12.484575	20.217529
573	8.955747	12.969673	20.747530
574	9.357140	13.430381	21.355794
575	9.764464	13.856028	22.043006
576	10.173620	14.234691	22.808159
577	10.579727	14.553396	23.648125
578	10.977094	14.798452	24.557218
579	11.359230	14.955936	25.526799
580	11.718901	15.012343	26.544963
581	12.048245	14.955389	27.596379
582	12.338959	14.774946	28.662338
583	12.582558	14.464034	29.721083
584	12.770706	14.019792	30.748466
585	12.895614	13.444309	31.718934
586	12.950484	12.745175	32.606822
587	12.929953	11.935645	33.387868
588	12.830522	11.034302	34.040798
589	12.650900	10.064211	34.548802
590	12.392231	9.051591	34.900714
591	12.058167	8.024134	35.091723
592	11.654764	7.009177	35.123507
593	11.190205	6.031936	35.003783
594	10.674378	5.114023	34.745335
595	10.118343	4.272410	34.364683
596	9.533749	3.518904	33.880588
597	8.932265	2.860152	33.312589
598	8.325054	2.298063	32.679730
599	7.722354	1.830547	31.999585
600	7.133174	1.452412	31.287624
601	6.565097	1.156297	30.556891
602	6.024217	0.933542	29.817952
603	5.515150	0.774929	29.079046
604	5.041128	0.671269	28.346343
605	4.604142	0.613825	27.624280
606	4.205110	0.594598	26.915894
607	3.844059	0.606486	26.223140
608	3.520302	0.643354	25.547170
609	3.232607	0.700034	24.888560
610	2.979350	0.772279	24.247495
611	2.758642	0.856692	23.623904
612	2.568447	0.950639	23.017566
613	2.406667	1.052152	22.428181
614	2.271215	1.159842	21.855418
615	2.160078	1.272810	21.298949
616	2.071351	1.390573	20.758471
617	2.003273	1.512994	20.233715
618	1.954245	1.640223	19.724459
619	1.922843	1.772647	19.230527
620	1.907824	1.910853	18.751799
621	1.908126	2.055592	18.288206
622	1.922873	2.207756	17.839744
623	1.951361	2.368356	17.406470
624	1.993061	2.538512	16.988513
625	2.047606	2.719438	16.586080
626	2.114789	2.912441	16.199468
627	2.194554	3.118916	15.829074
628	2.286990	3.340340	15.475411
629	2.392325	3.578279	15.139127
630	2.510921	3.834380	14.821021
631	2.643267	4.110378	14.522072
632	2.789978	4.408086	14.243465
633	2.951789	4.729396	13.986624
634	3.129549	5.076266	13.753249
635	3.324221	5.450707	13.545360
636	3.536870	5.854764	13.365344
637	3.768659	6.290482	13.216010
638	4.020841	6.759862	13.100650
639	4.294743	7.264805	13.023103
640	4.591750	7.807031	12.987825
641	4.913278	8.387977	12.999962
642	5.260748	9.008663	13.065421
643	5.635539	9.669526	13.190933
644	6.038938	10.370207	13.384105
645	6.472065	11.109293	13.653445
646	6.935788	11.884002	14.008354
647	7.430609	12.689817	14.459047
648	7.956530	13.520052	15.016403
649	8.512882	14.365382	15.691693
650	9.098132	15.213335	16.496156
651	9.709652	16.047789	17.440388
652	10.343466	16.848529	18.533495
653	10.993972	17.590942	19.781990
654	11.653669	18.245958	21.188414
655	12.312898	18.780384	22.749713
656	12.959647	19.157777	24.455464
657	13.579460	19.340025	26.286098
658	14.155516	19.289739	28.211406
659	14.668938	18.973489	30.189664
660	15.099394	18.365739	32.167816
661	15.426028	17.453111	34.083123
662	15.628736	16.238384	35.866561
663	15.689701	14.743406	37.447974
664	15.595072	13.010061	38.762558
665	15.336571	11.098604	39.757818
666	14.912774	9.083151	40.399755
667	14.329812	7.044748	40.676978
668	13.601305	5.063137	40.601757
669	12.747488	3.208733	40.207696
670	11.793613	1.536338	39.544524
671	10.767885	0.081620	38.671193
672	9.699259	-1.139326	37.648750
673	8.615400	-2.127805	36.534277
674	7.541080	-2.898651	35.376711
675	6.497107	-3.475719	34.214742
676	5.499824	-3.887621	33.076528
677	4.561080	-4.164244	31.980675
678	3.688547	-4.334266	30.937922
679	2.886266	-4.423635	29.953040
680	2.155276	-4.454818	29.026614
681	1.494266	-4.446621	28.156557
682	0.900178	-4.414356	27.339272
683	0.368724	-4.370206	26.570487
684	-0.105169	-4.323667	25.845827
685	-0.527019	-4.282001	25.161152
686	-0.902517	-4.250664	24.512755
687	-1.237332	-4.233674	23.897444
688	-1.536966	-4.233933	23.312564
689	-1.806662	-4.253494	22.755970
690	-2.051346	-4.293777	22.225990
691	-2.275589	-4.355745	21.721377
692	-2.483604	-4.440045	21.241259
693	-2.679248	-4.547113	20.785099
694	-2.866035	-4.677264	20.352658
695	-3.047158	-4.830751	19.943972
696	-3.225517	-5.007812	19.559334
697	-3.403747	-5.208700	19.199279
698	-3.584242	-5.433703	18.864590
699	-3.769188	-5.683145	18.556291
700	-3.960584	-5.957388	18.275665
701	-4.160264	-6.256815	18.024261
702	-4.369919	-6.581806	17.803914
703	-4.591108	-6.932707	17.616763
704	-4.825268	-7.309785	17.465271
705	-5.073720	-7.713169	17.352247
706	-5.337664	-8.142788	17.280865
707	-5.618177	-8.598283	17.254676
708	-5.916187	-9.078911	17.277618
709	-6.232460	-9.583431	17.354007
710	-6.567557	-10.109970	17.488517
711	-6.921798	-10.655872	17.686135
712	-7.295206	-11.217535	17.952082
713	-7.687439	-11.790227	18.291703
714	-8.097717	-12.367907	18.710290
715	-8.524736	-12.943038	19.212867
716	-8.966567	-13.506424	19.803884
717	-9.420552	-14.047090	20.486843
718	-9.883206	-14.552225	21.263841
719	-10.350108	-15.007222	22.135031
720	-10.815819	-15.395870	23.098027
721	-11.273824	-15.700715	24.147269
722	-11.716513	-15.903651	25.273413
723	-12.135227	-15.986746	26.462809
724	-12.520379	-15.933328	27.697162
725	-12.861674	-15.729276	28.953484
726	-13.148434	-15.364463	30.204439
727	-13.370037	-14.834189	31.419174
728	-13.516452	-14.140460	32.564666
729	-13.578853	-13.292866	33.607563
730	-13.550254	-12.308874	34.516380
731	-13.426116	-11.213368	35.263827
732	-13.204841	-10.037372	35.828978
733	-12.888094	-8.816042	36.198958
734	-12.480889	-7.586131	36.369872
735	-11.991413	-6.383261	36.346825
736	-11.430598	-5.239383	36.143020
737	-10.811477	-4.180751	35.778099
738	-10.148404	-3.226660	35.276017
739	-9.456230	-2.389015	34.662778
740	-8.749508	-1.672666	33.964348
741	-8.041824	-1.076341	33.204982
742	-7.345276	-0.593926	32.406073
743	-6.670141	-0.215870	31.585537
744	-6.024714	0.069472	30.757655
745	-5.415295	0.274681	29.933265
746	-4.846298	0.412367	29.120170
747	-4.320431	0.494516	28.323648
748	-3.838936	0.532069	27.546985
749	-3.401836	0.534694	26.791973
750	-3.008183	0.510704	26.059331
751	-2.656294	0.467072	25.349053
752	-2.343958	0.409516	24.660671
753	-2.068610	0.342618	23.993454
754	-1.827487	0.269965	23.346541
755	-1.617742	0.194286	22.719033
756	-1.436539	0.117587	22.110049
757	-1.281127	0.041281	21.518759
758	-1.148886	-0.033709	20.944396
759	-1.037368	-0.106850	20.386267
760	-0.944316	-0.177917	19.843741
761	-0.867676	-0.246927	19.316255
762	-0.805602	-0.314078	18.803297
763	-0.756449	-0.379709	18.304406
764	-0.718775	-0.444261	17.819161
765	-0.691324	-0.508252	17.347177
766	-0.673017	-0.572252	16.888099
767	-0.662940	-0.636873	16.441601
768	-0.660333	-0.702754	16.007380
769	-0.664575	-0.770559	15.585157
770	-0.675174	-0.840974	15.174674
771	-0.691754	-0.914701	14.775694
772	-0.714048	-0.992468	14.388003
773	-0.741890	-1.075027	14.011410
774	-0.775204	-1.163160	13.645748
775	-0.814000	-1.257687	13.290878
776	-0.858368	-1.359470	12.946692
777	-0.908479	-1.469423	12.613116
778	-0.964573	-1.588519	12.290116
779	-1.026968	-1.717801	11.977702
780	-1.096051	-1.858389	11.675938
781	-1.172285	-2.011491	11.384948
782	-1.256205	-2.178415	11.104930
783	-1.348426	-2.360576	10.836164
784	-1.449641	-2.559513	10.579030
785	-1.560628	-2.776891	10.334027
786	-1.682255	-3.014523	10.101789
787	-1.815482	-3.274368	9.883120
788	-1.961370	-3.558551	9.679016
789	-2.121088	-3.869363	9.490705
790	-2.295916	-4.209268	9.319692
791	-2.487251	-4.580907	9.167808
792	-2.696616	-4.987086	9.037272
793	-2.925663	-5.430769	8.930761
794	-3.176174	-5.915054	8.851493
795	-3.450062	-6.443130	8.803326
796	-3.749369	-7.018226	8.790862
797	-4.076254	-7.643519	8.819579
798	-4.432981	-8.322023	8.895959
799	-4.821885	-9.056424	9.027647
800	-5.245339	-9.848860	9.223600
801	-5.705691	-10.700638	9.494244
802	-6.205186	-11.611856	9.851609
803	-6.745853	-12.580924	10.309437
804	-7.329360	-13.603972	10.883209
805	-7.956821	-14.674109	11.590074
806	-8.628550	-15.780562	12.448598
807	-9.343751	-16.907668	13.478269
808	-10.100143	-18.033797	14.698659
809	-10.893508	-19.130253	16.128134
810	-11.717183	-20.160316	17.782006
811	-12.561496	-21.078640	19.670041
812	-13.413210	-21.831315	21.793299
813	-14.255021	-22.356993	24.140424
814	-15.065218	-22.589523	26.683674
815	-15.817649	-22.462505	29.375270
816	-16.482134	-21.915948	32.144969
817	-17.025516	-20.904827	34.899986
818	-17.413447	-19.408652	37.528474
819	-17.612967	-17.440401	39.907430
820	-17.595711	-15.052500	41.915004
821	-17.341389	-12.337399	43.445865
822	-16.840990	-9.421044	44.426785
823	-16.098996	-6.449250	44.828668
824	-15.134021	-3.569257	44.671501
825	-13.977545	-0.910612	44.020433
826	-12.670852	1.430009	42.973836
827	-11.260765	3.396649	41.646673
828	-9.795024	4.973724	40.153606
829	-8.318149	6.179082	38.595666
830	-6.868426	7.053555	37.052463
831	-5.476228	7.650113	35.579929
832	-4.163594	8.024849	34.212193
833	-2.944750	8.230730	32.965746
834	-1.827202	8.314087	31.844285
835	-0.813073	8.313249	30.843189
836	0.099559	8.258600	29.953111
837	0.915463	8.173412	29.162584
838	1.641258	8.074993	28.459740
839	2.284632	7.975865	27.833345
840	2.853755	7.884835	27.273341
841	3.356863	7.807889	26.771066
842	3.801966	7.748909	26.319271
843	4.196660	7.710227	25.912035
844	4.548017	7.693052	25.544619
845	4.862520	7.697776	25.213311
846	5.146046	7.724209	24.915262
847	5.403862	7.771745	24.648346
848	5.640650	7.839481	24.411031
849	5.860533	7.926299	24.202268
850	6.067110	8.030923	24.021398
851	6.263491	8.151957	23.868072
852	6.452338	8.287902	23.742187
853	6.635894	8.437166	23.643826
854	6.816021	8.598068	23.573205
855	6.994226	8.768833	23.530632
856	7.171687	8.947581	23.516461
857	7.349276	9.132317	23.531048
858	7.527580	9.320924	23.574712
859	7.706915	9.511150	23.647693
860	7.887338	9.700602	23.750105
861	8.068665	9.886743	23.881888
862	8.250472	10.066899	24.042765
863	8.432115	10.238267	24.232192
864	8.612730	10.397939	24.449302
865	8.791251	10.542927	24.692868
866	8.966419	10.670214	24.961246
867	9.136798	10.776801	25.252349
868	9.300799	10.859777	25.563608
869	9.456696	10.916398	25.891957
870	9.602667	10.944171	26.233836
871	9.736817	10.940951	26.585199
872	9.857230	10.905035	26.941561
873	9.962011	10.835260	27.298054
874	10.049336	10.731086	27.649515
875	10.117511	10.592671	27.990598
876	10.165027	10.420920	28.315896
877	10.190616	10.217510	28.620095
878	10.193305	9.984886	28.898120
879	10.172463	9.726213	29.145293
880	10.127838	9.445308	29.357481
881	10.059585	9.146528	29.531220
882	9.968280	8.834635	29.663824
883	9.854915	8.514643	29.753449
884	9.720888	8.191653	29.799135
885	9.567964	7.870687	29.800793
886	9.398237	7.556532	29.759170
887	9.214066	7.253608	29.675772
888	9.018020	6.965852	29.552771
889	8.812804	6.696645	29.392879
890	8.601188	6.448763	29.199231
891	8.385945	6.224359	28.975255
892	8.169787	6.024984	28.724553
893	7.955306	5.851619	28.450793
894	7.744938	5.704736	28.157619
895	7.540917	5.584364	27.848578
896	7.345262	5.490169	27.527061
897	7.159753	5.421528	27.196274
898	6.985930	5.377603	26.859208
899	6.825098	5.357414	26.518638
900	6.678329	5.359899	26.177123
901	6.546486	5.383961	25.837018
902	6.430234	5.428514	25.500491
903	6.330062	5.492513	25.169544
904	6.246307	5.574979	24.846036
905	6.179174	5.675010	24.531705
906	6.128758	5.791790	24.228195
907	6.095061	5.924587	23.937075
908	6.078014	6.072751	23.659860
909	6.077487	6.235703	23.398033
910	6.093309	6.412919	23.153059
911	6.125270	6.603913	22.926403
912	6.173134	6.808218	22.719540
913	6.236643	7.025363	22.533966
914	6.315515	7.254845	22.371207
915	6.409448	7.496101	22.232822
916	6.518113	7.748482	22.120406
917	6.641150	8.011216	22.035583
918	6.778156	8.283378	21.980005
919	6.928679	8.563853	21.955331
920	7.092196	8.851301	21.963218
921	7.268107	9.144120	22.005284
922	7.455708	9.440412	22.083080
923	7.654178	9.737948	22.198048
924	7.862555	10.034143	22.351460
925	8.079714	10.326028	22.544361
926	8.304346	10.610242	22.777492
927	8.534935	10.883026	23.051203
928	8.769744	11.140242	23.365363
929	9.006794	11.377405	23.719258
930	9.243855	11.589744	24.111484
931	9.478444	11.772286	24.539850
932	9.707828	11.919973	25.001283
933	9.929043	12.027812	25.491753
934	10.138920	12.091047	26.006220
935	10.334132	12.105368	26.538622
936	10.511256	12.067130	27.081910
937	10.666843	11.973587	27.628133
938	10.797518	11.823116	28.168586
939	10.900077	11.615418	28.694027
940	10.971612	11.351674	29.194942
941	11.009618	11.034640	29.661872
942	11.012120	10.668665	30.085761
943	10.977775	10.259612	30.458320
944	10.905958	9.814693	30.772375
945	10.796832	9.342213	31.022165
946	10.651370	8.851234	31.203570
947	10.471356	8.351198	31.314252
948	10.259340	7.851528	31.353689
949	10.018559	7.361235	31.323106
950	9.752827	6.888573	31.225313
951	9.466401	6.440759	31.064468
952	9.163837	6.023778	30.845791
953	8.849831	5.642276	30.575246
954	8.529076	5.299539	30.259238
955	8.206122	4.997560	29.904326
956	7.885266	4.737152	29.516983
957	7.570454	4.518120	29.103401
958	7.265221	4.339441	28.669352
959	6.972643	4.199466	28.220106
960	6.695325	4.096105	27.760384
961	6.435403	4.026998	27.294355
962	6.194563	3.989665	26.825659
963	5.974073	3.981630	26.357450
964	5.774829	4.000512	25.892450
965	5.597397	4.044100	25.433008
966	5.442067	4.110401	24.981158
967	5.308901	4.197667	24.538685
968	5.197777	4.304409	24.107170
969	5.108441	4.429401	23.688046
970	5.040537	4.571664	23.282638
971	4.993649	4.730461	22.892204
972	4.967331	4.905263	22.517968
973	4.961124	5.095737	22.161149
974	4.974585	5.301709	21.822991
975	5.007297	5.523140	21.504783
976	5.058882	5.760095	21.207882
977	5.129003	6.012711	20.933735
978	5.217374	6.281161	20.683894
979	5.323753	6.565624	20.460035
980	5.447940	6.866240	20.263972
981	5.589770	7.183075	20.097668
982	5.749100	7.516074	19.963247
983	5.925798	7.865010	19.863001
984	6.119719	8.229432	19.799385
985	6.330690	8.608602	19.775020
986	6.558481	9.001432	19.792670
987	6.802776	9.406407	19.855223
988	7.063140	9.821516	19.965647
989	7.338977	10.244162	20.126937
990	7.629496	10.671085	20.342035
991	7.933655	11.098284	20.613731
992	8.250118	11.520940	20.944531
993	8.577200	11.933364	21.336501
994	8.912816	12.328963	21.791076
995	9.254431	12.700238	22.308839
996	9.599012	13.038841	22.889271
997	9.942995	13.335679	23.530491
998	10.282263	13.581101	24.228977
999	10.612147	13.765174	24.979315
